%YAML:1.0
images: !!opencv-matrix
   rows: 7
   cols: 600
   dt: f
   data: [ 0., 0., 0., 0., 0., 0., 0., 0., 0., 0., 0., 0., 0., 0., 0.,
       147., 198., 32., 0., 0., 0., 0., 0., 0., 0., 0., 0., 0., 0., 0.,
       54., 162., 166., 166., 166., 217., 235., 177., 166., 166., 0., 0.,
       13., 82., 106., 106., 106., 106., 106., 106., 154., 251., 255.,
       255., 255., 255., 255., 255., 255., 255., 0., 0., 32., 197., 255.,
       255., 255., 255., 255., 255., 255., 255., 255., 255., 255., 255.,
       255., 255., 230., 208., 0., 0., 32., 198., 255., 255., 255., 255.,
       255., 255., 255., 255., 255., 255., 255., 255., 255., 255., 128.,
       13., 0., 0., 32., 197., 255., 255., 255., 255., 255., 255., 255.,
       255., 255., 255., 255., 255., 255., 255., 121., 0., 0., 0., 32.,
       198., 255., 255., 255., 209., 132., 132., 132., 132., 132., 132.,
       132., 132., 132., 132., 63., 0., 0., 0., 32., 197., 255., 255.,
       255., 159., 0., 0., 0., 0., 0., 0., 0., 0., 0., 0., 0., 0., 0.,
       0., 32., 198., 255., 255., 255., 159., 0., 0., 0., 0., 0., 0., 0.,
       0., 0., 0., 0., 0., 0., 0., 32., 198., 255., 255., 255., 159., 0.,
       0., 0., 0., 0., 0., 0., 0., 0., 0., 0., 0., 0., 0., 32., 197.,
       255., 255., 255., 212., 140., 140., 140., 140., 140., 140., 140.,
       60., 0., 0., 0., 0., 0., 0., 32., 197., 255., 255., 255., 255.,
       255., 255., 255., 255., 255., 255., 255., 155., 63., 10., 0., 0.,
       0., 0., 32., 197., 255., 255., 255., 255., 255., 255., 255., 255.,
       255., 255., 255., 255., 202., 50., 10., 0., 0., 0., 32., 197.,
       255., 255., 255., 255., 255., 255., 255., 255., 255., 255., 255.,
       255., 246., 222., 103., 0., 0., 75., 169., 233., 255., 255., 255.,
       255., 255., 255., 255., 255., 255., 255., 255., 255., 255., 255.,
       121., 0., 0., 75., 169., 233., 255., 255., 255., 218., 157., 157.,
       157., 157., 218., 255., 255., 255., 255., 255., 121., 0., 0., 0.,
       27., 168., 217., 217., 217., 135., 0., 0., 0., 0., 135., 227.,
       252., 255., 255., 255., 121., 0., 0., 0., 3., 16., 21., 21., 21.,
       13., 0., 0., 0., 0., 13., 85., 237., 255., 255., 255., 121., 0.,
       0., 0., 0., 0., 0., 0., 0., 0., 0., 0., 0., 0., 0., 70., 236.,
       255., 255., 255., 121., 0., 0., 0., 0., 0., 0., 0., 0., 0., 0.,
       0., 0., 0., 0., 70., 236., 255., 255., 255., 121., 0., 0., 0., 0.,
       0., 0., 0., 0., 0., 0., 0., 0., 0., 0., 70., 236., 255., 255.,
       255., 121., 0., 0., 0., 0., 0., 0., 0., 0., 0., 0., 0., 0., 0.,
       0., 70., 236., 255., 255., 255., 121., 0., 0., 0., 0., 0., 0., 0.,
       0., 0., 0., 0., 0., 0., 120., 209., 250., 255., 255., 255., 121.,
       0., 0., 63., 132., 132., 132., 122., 36., 0., 0., 0., 0., 0.,
       159., 255., 255., 255., 255., 255., 121., 0., 0., 121., 255.,
       255., 255., 241., 122., 72., 72., 72., 72., 72., 186., 255., 255.,
       255., 255., 255., 121., 0., 13., 128., 255., 255., 255., 255.,
       255., 255., 255., 255., 255., 255., 255., 255., 255., 255., 255.,
       255., 121., 0., 208., 230., 255., 255., 255., 255., 255., 255.,
       255., 255., 255., 255., 255., 255., 255., 255., 255., 255., 121.,
       0., 255., 255., 255., 255., 255., 255., 255., 255., 255., 255.,
       255., 255., 255., 255., 255., 255., 221., 125., 50., 0., 166.,
       208., 255., 255., 255., 255., 255., 255., 255., 255., 255., 255.,
       255., 255., 255., 203., 128., 21., 0., 0., 0., 121., 255., 255.,
       255., 255., 255., 255., 255., 255., 255., 255., 255., 255., 255.,
       108., 0., 0., 0., 0., 0., 0., 0., 153., 255., 255., 255., 255.,
       255., 255., 255., 255., 255., 255., 255., 255., 255., 255., 102.,
       0., 0., 0., 0., 153., 255., 255., 255., 255., 255., 255., 255.,
       255., 255., 255., 255., 255., 255., 255., 186., 140., 0., 25.,
       64., 179., 255., 255., 255., 255., 255., 255., 255., 255., 255.,
       255., 255., 255., 255., 255., 255., 255., 0., 97., 242., 250.,
       255., 255., 255., 255., 255., 255., 255., 255., 255., 255., 255.,
       255., 255., 255., 255., 255., 0., 102., 255., 255., 255., 255.,
       255., 255., 255., 255., 255., 255., 255., 255., 255., 255., 255.,
       255., 255., 255., 0., 102., 255., 255., 255., 255., 255., 255.,
       201., 166., 166., 166., 166., 166., 183., 237., 255., 255., 255.,
       255., 0., 102., 255., 255., 255., 255., 250., 242., 97., 0., 0.,
       0., 0., 0., 51., 204., 255., 255., 255., 255., 0., 102., 255.,
       255., 255., 255., 179., 64., 25., 0., 0., 0., 0., 0., 51., 204.,
       255., 255., 255., 255., 0., 102., 255., 255., 255., 255., 153.,
       0., 0., 0., 0., 0., 0., 0., 51., 204., 255., 255., 255., 255., 0.,
       102., 255., 255., 255., 255., 153., 0., 0., 0., 0., 0., 0., 0.,
       51., 204., 255., 255., 255., 255., 0., 102., 255., 255., 255.,
       255., 153., 0., 0., 0., 0., 0., 0., 0., 51., 204., 255., 255.,
       255., 255., 0., 102., 255., 255., 255., 255., 153., 0., 0., 0.,
       0., 0., 0., 0., 51., 204., 255., 255., 255., 255., 0., 102., 255.,
       255., 255., 255., 179., 64., 25., 0., 0., 0., 0., 38., 102., 217.,
       255., 255., 255., 255., 0., 102., 255., 255., 255., 255., 250.,
       242., 97., 0., 0., 0., 0., 145., 245., 252., 255., 255., 255.,
       255., 0., 102., 255., 255., 255., 255., 255., 255., 201., 166.,
       166., 166., 166., 219., 255., 255., 255., 255., 255., 255., 0.,
       102., 255., 255., 255., 255., 255., 255., 255., 255., 255., 255.,
       255., 255., 255., 255., 255., 255., 255., 255., 0., 97., 242.,
       250., 255., 255., 255., 255., 255., 255., 255., 255., 255., 255.,
       255., 255., 255., 255., 255., 255., 0., 25., 64., 179., 255.,
       255., 255., 255., 255., 255., 255., 255., 255., 255., 255., 255.,
       255., 255., 255., 255., 0., 0., 0., 84., 140., 140., 140., 140.,
       140., 140., 140., 140., 140., 209., 255., 255., 255., 255., 186.,
       140., 0., 0., 0., 0., 0., 0., 0., 0., 0., 0., 0., 0., 0., 130.,
       224., 247., 255., 255., 102., 0., 0., 0., 0., 0., 0., 0., 0., 0.,
       0., 0., 0., 0., 0., 23., 81., 211., 255., 255., 102., 0., 0., 0.,
       0., 0., 0., 0., 0., 0., 0., 0., 0., 0., 0., 0., 51., 204., 255.,
       255., 102., 0., 64., 64., 64., 64., 64., 64., 38., 0., 0., 0., 0.,
       0., 0., 38., 102., 217., 255., 255., 102., 0., 242., 242., 242.,
       242., 242., 242., 145., 0., 0., 0., 0., 0., 0., 145., 245., 252.,
       255., 255., 102., 0., 255., 255., 255., 255., 255., 255., 219.,
       166., 166., 166., 166., 166., 166., 219., 255., 255., 255., 255.,
       102., 0., 255., 255., 255., 255., 255., 255., 255., 255., 255.,
       255., 255., 255., 255., 255., 255., 255., 255., 255., 102., 0.,
       255., 255., 255., 255., 255., 255., 255., 255., 255., 255., 255.,
       255., 255., 255., 255., 255., 255., 255., 102., 0., 255., 255.,
       255., 255., 255., 255., 255., 255., 255., 255., 255., 255., 255.,
       255., 255., 255., 255., 255., 102., 0., 140., 186., 255., 255.,
       255., 255., 255., 255., 255., 255., 255., 255., 255., 255., 255.,
       255., 209., 140., 56., 0., 0., 102., 255., 255., 255., 255., 255.,
       255., 255., 255., 255., 255., 255., 255., 255., 255., 153., 0.,
       0., 0., 0., 0., 0., 0., 0., 0., 0., 0., 0., 0., 96., 255., 255.,
       255., 255., 255., 255., 255., 159., 0., 0., 88., 140., 140., 140.,
       140., 140., 140., 140., 140., 183., 255., 255., 255., 255., 255.,
       255., 255., 212., 140., 0., 159., 255., 255., 255., 255., 255.,
       255., 255., 255., 255., 255., 255., 255., 255., 255., 255., 255.,
       255., 255., 0., 159., 255., 255., 255., 255., 255., 255., 255.,
       255., 255., 255., 255., 255., 255., 255., 255., 255., 255., 255.,
       0., 159., 255., 255., 255., 255., 255., 255., 255., 255., 255.,
       255., 255., 255., 255., 255., 255., 151., 89., 89., 0., 159.,
       255., 255., 255., 255., 221., 166., 166., 166., 166., 166., 166.,
       166., 166., 166., 166., 62., 0., 0., 0., 159., 255., 255., 255.,
       247., 151., 0., 0., 0., 0., 0., 0., 0., 0., 0., 0., 0., 0., 0.,
       0., 159., 255., 255., 255., 135., 40., 0., 0., 0., 0., 0., 0., 0.,
       0., 0., 0., 0., 0., 0., 0., 159., 255., 255., 255., 96., 0., 0.,
       0., 0., 0., 0., 0., 0., 0., 0., 0., 0., 0., 0., 0., 159., 255.,
       255., 255., 119., 38., 38., 38., 38., 38., 38., 38., 38., 38.,
       33., 5., 0., 0., 0., 0., 159., 255., 255., 255., 231., 217., 217.,
       217., 217., 217., 217., 217., 217., 217., 190., 27., 0., 0., 0.,
       0., 159., 255., 255., 255., 255., 255., 255., 255., 255., 255.,
       255., 255., 255., 255., 223., 32., 0., 0., 0., 64., 183., 255.,
       255., 255., 255., 255., 255., 255., 255., 255., 255., 255., 255.,
       255., 231., 88., 24., 0., 0., 242., 250., 255., 255., 255., 255.,
       255., 255., 255., 255., 255., 255., 255., 255., 255., 253., 244.,
       91., 0., 0., 255., 255., 255., 255., 255., 255., 193., 89., 89.,
       89., 151., 255., 255., 255., 255., 255., 255., 95., 0., 0., 255.,
       255., 255., 255., 255., 199., 104., 0., 0., 0., 62., 177., 244.,
       255., 255., 255., 255., 95., 0., 0., 255., 255., 255., 253., 244.,
       91., 0., 0., 0., 0., 0., 32., 223., 255., 255., 255., 255., 96.,
       0., 0., 255., 255., 255., 231., 88., 24., 0., 0., 0., 0., 0., 32.,
       223., 255., 255., 255., 255., 95., 0., 0., 140., 140., 140., 123.,
       18., 0., 0., 0., 0., 0., 0., 32., 223., 255., 255., 255., 255.,
       96., 0., 0., 0., 0., 0., 0., 0., 0., 0., 0., 0., 0., 0., 32.,
       223., 255., 255., 255., 255., 96., 0., 0., 0., 0., 0., 0., 0., 0.,
       0., 0., 0., 0., 0., 32., 223., 255., 255., 255., 255., 96., 0.,
       0., 0., 0., 53., 123., 18., 0., 0., 0., 0., 0., 0., 32., 223.,
       255., 255., 255., 255., 96., 0., 0., 64., 64., 135., 231., 88.,
       64., 64., 56., 8., 0., 24., 88., 231., 255., 255., 247., 199.,
       72., 0., 0., 242., 242., 247., 253., 244., 242., 242., 212., 30.,
       0., 91., 244., 253., 255., 255., 225., 43., 5., 0., 0., 255.,
       255., 255., 255., 255., 255., 255., 244., 177., 166., 199., 255.,
       255., 255., 255., 223., 32., 0., 0., 0., 255., 255., 255., 255.,
       255., 255., 255., 255., 255., 255., 255., 255., 255., 255., 255.,
       223., 32., 0., 0., 0., 255., 255., 255., 255., 255., 255., 255.,
       255., 255., 255., 255., 255., 255., 255., 255., 223., 32., 0., 0.,
       0., 255., 255., 255., 255., 255., 255., 255., 255., 255., 255.,
       255., 255., 255., 255., 255., 223., 32., 0., 0., 0., 140., 212.,
       255., 255., 255., 255., 255., 255., 255., 255., 255., 255., 255.,
       255., 212., 123., 18., 0., 0., 0., 0., 159., 255., 255., 255.,
       255., 255., 255., 255., 255., 255., 255., 255., 255., 159., 0.,
       0., 0., 0., 0., 0., 0., 0., 0., 0., 0., 0., 0., 0., 0., 0., 0.,
       0., 0., 0., 0., 0., 127., 178., 0., 0., 0., 0., 0., 0., 0., 134.,
       191., 191., 191., 191., 191., 96., 0., 19., 172., 191., 223.,
       236., 191., 0., 0., 0., 0., 15., 134., 223., 255., 255., 255.,
       255., 255., 202., 149., 159., 244., 255., 255., 255., 255., 0.,
       0., 53., 106., 121., 240., 255., 255., 255., 255., 255., 255.,
       255., 255., 255., 255., 255., 255., 255., 255., 64., 64., 159.,
       255., 255., 255., 255., 255., 255., 255., 255., 255., 255., 255.,
       255., 255., 255., 255., 255., 255., 255., 255., 255., 255., 255.,
       255., 255., 255., 255., 255., 255., 240., 234., 234., 236., 253.,
       255., 255., 255., 255., 255., 255., 255., 255., 255., 255., 255.,
       255., 255., 255., 255., 91., 21., 21., 45., 232., 255., 255.,
       255., 255., 255., 255., 255., 198., 64., 64., 64., 64., 64., 64.,
       64., 19., 0., 0., 6., 57., 198., 255., 255., 255., 106., 106.,
       106., 74., 0., 0., 0., 0., 0., 0., 0., 0., 0., 0., 0., 0., 178.,
       255., 255., 255., 0., 0., 0., 0., 0., 0., 0., 0., 0., 0., 0., 0.,
       0., 0., 11., 96., 210., 255., 223., 149., 0., 0., 0., 0., 0., 0.,
       0., 0., 0., 0., 0., 0., 0., 0., 25., 229., 255., 255., 178., 0.,
       0., 0., 0., 0., 0., 0., 0., 0., 0., 0., 0., 0., 0., 0., 25., 229.,
       255., 255., 178., 0., 0., 0., 0., 0., 0., 0., 0., 0., 0., 0., 0.,
       0., 0., 0., 25., 229., 255., 255., 178., 0., 0., 0., 0., 0., 0.,
       0., 0., 0., 0., 0., 0., 0., 0., 0., 25., 229., 255., 255., 178.,
       0., 0., 0., 0., 0., 0., 0., 0., 0., 0., 0., 0., 0., 0., 45., 159.,
       244., 255., 255., 178., 0., 0., 0., 0., 0., 0., 0., 0., 0., 0.,
       0., 0., 0., 0., 76., 255., 255., 255., 255., 178., 0., 0., 0., 0.,
       0., 0., 0., 0., 0., 0., 0., 0., 0., 0., 76., 255., 255., 255.,
       255., 178., 0., 0., 0., 0., 0., 0., 0., 0., 0., 0., 0., 0., 0.,
       0., 76., 255., 255., 255., 255., 178., 0., 0., 0., 0., 0., 0., 0.,
       0., 0., 0., 0., 0., 0., 0., 76., 255., 255., 255., 255., 178., 0.,
       0., 0., 0., 0., 0., 0., 0., 0., 0., 0., 0., 0., 0., 76., 255.,
       255., 255., 159., 45., 0., 0., 0., 0., 0., 0., 0., 0., 0., 0., 0.,
       0., 0., 0., 76., 255., 255., 255., 127., 0., 0., 0., 0., 0., 0.,
       0., 0., 0., 0., 0., 0., 0., 0., 53., 151., 255., 255., 255., 127.,
       0., 0., 0., 0., 0., 0., 0., 0., 0., 0., 0., 0., 0., 0., 127.,
       255., 255., 255., 255., 127., 0., 0., 0., 0., 0., 0., 0., 0., 0.,
       0., 0., 0., 0., 15., 138., 255., 255., 255., 255., 127., 0., 0.,
       0., 0., 0., 0., 0., 0., 0., 0., 0., 0., 0., 164., 244., 255.,
       255., 255., 255., 127., 0., 0., 0., 0., 0., 0., 0., 0., 0., 0.,
       0., 0., 0., 178., 255., 255., 255., 255., 255., 127., 0., 0., 0.,
       0., 0., 0., 0., 0., 0., 0., 0., 0., 0., 178., 255., 255., 255.,
       255., 255., 127., 0., 0., 0., 0., 0., 0., 0., 0., 0., 0., 0., 0.,
       0., 178., 255., 255., 255., 255., 255., 127., 0., 0., 0., 0., 0.,
       0., 0., 0., 0., 0., 0., 0., 0., 134., 223., 255., 255., 255.,
       210., 96., 0., 0., 0., 0., 0., 0., 0., 0., 0., 0., 0., 0., 0., 0.,
       127., 255., 255., 255., 76., 0., 0., 0., 0., 0., 0., 0., 0., 89.,
       255., 255., 255., 255., 255., 255., 255., 255., 255., 255., 255.,
       255., 140., 0., 0., 0., 0., 0., 99., 189., 255., 255., 255., 255.,
       255., 255., 255., 255., 255., 255., 255., 255., 140., 0., 0., 0.,
       21., 81., 195., 255., 255., 255., 255., 255., 255., 255., 255.,
       255., 255., 255., 255., 255., 140., 0., 0., 9., 76., 243., 255.,
       255., 255., 255., 255., 255., 255., 255., 255., 255., 255., 255.,
       255., 255., 140., 0., 0., 112., 217., 252., 255., 255., 255.,
       255., 255., 255., 255., 255., 255., 255., 255., 255., 255., 255.,
       140., 0., 0., 140., 255., 255., 255., 255., 248., 153., 119.,
       119., 119., 119., 153., 248., 255., 255., 255., 255., 140., 0.,
       0., 140., 255., 255., 255., 255., 242., 64., 0., 0., 0., 0., 47.,
       178., 231., 255., 255., 255., 140., 0., 0., 140., 255., 255.,
       255., 255., 242., 64., 0., 0., 0., 0., 0., 0., 166., 255., 255.,
       255., 140., 0., 187., 224., 255., 255., 255., 189., 65., 17., 0.,
       0., 0., 0., 0., 0., 166., 255., 255., 255., 140., 0., 255., 255.,
       255., 255., 255., 166., 0., 0., 0., 0., 0., 0., 0., 0., 166.,
       255., 255., 255., 140., 0., 255., 255., 255., 255., 255., 166.,
       0., 0., 0., 0., 0., 0., 0., 0., 166., 255., 255., 255., 163., 51.,
       255., 255., 255., 255., 255., 166., 0., 0., 0., 0., 0., 0., 0.,
       0., 166., 255., 255., 255., 247., 238., 255., 255., 255., 255.,
       255., 166., 0., 0., 0., 0., 0., 0., 0., 0., 166., 255., 255.,
       255., 255., 255., 255., 255., 255., 255., 255., 166., 0., 0., 0.,
       0., 0., 0., 0., 0., 166., 255., 255., 255., 255., 255., 221.,
       240., 255., 255., 255., 166., 0., 0., 0., 0., 0., 0., 0., 0.,
       166., 255., 255., 255., 255., 255., 34., 155., 255., 255., 255.,
       166., 0., 0., 0., 0., 0., 0., 0., 0., 166., 255., 255., 255.,
       255., 255., 0., 140., 255., 255., 255., 166., 0., 0., 0., 0., 0.,
       0., 0., 0., 166., 255., 255., 255., 255., 255., 85., 178., 255.,
       255., 255., 166., 0., 0., 0., 0., 0., 0., 0., 0., 166., 255.,
       255., 255., 255., 255., 255., 255., 255., 255., 255., 172., 16.,
       4., 0., 0., 0., 0., 0., 0., 166., 255., 255., 255., 247., 238.,
       255., 255., 255., 255., 255., 237., 194., 51., 0., 0., 0., 0., 0.,
       0., 166., 255., 255., 255., 163., 51., 119., 194., 255., 255.,
       255., 255., 242., 64., 0., 0., 0., 0., 34., 129., 213., 255.,
       255., 255., 140., 0., 0., 140., 255., 255., 255., 255., 245.,
       115., 37., 0., 0., 0., 64., 242., 255., 255., 255., 255., 140.,
       0., 0., 140., 255., 255., 255., 255., 255., 255., 140., 0., 0.,
       0., 64., 242., 255., 255., 255., 255., 140., 0., 0., 140., 255.,
       255., 255., 255., 255., 255., 224., 187., 187., 187., 204., 252.,
       255., 255., 255., 255., 140., 0., 0., 75., 166., 249., 255., 255.,
       255., 255., 255., 255., 255., 255., 255., 255., 255., 255., 249.,
       166., 75., 0., 0., 0., 51., 194., 237., 255., 255., 255., 255.,
       255., 255., 255., 255., 255., 255., 237., 194., 51., 0., 0., 0.,
       0., 4., 16., 172., 255., 255., 255., 255., 255., 255., 255., 255.,
       255., 255., 172., 16., 4., 0., 0., 0., 0., 0., 0., 55., 145.,
       255., 255., 255., 255., 255., 255., 255., 255., 145., 55., 0., 0.,
       0., 0., 0., 0., 0., 0., 0., 54., 158., 229., 255., 255., 255.,
       255., 229., 158., 54., 0., 0., 0., 0., 0., 0., 0., 0., 0., 0., 0.,
       13., 191., 255., 255., 255., 255., 191., 13., 0., 0., 0., 0., 0.,
       0., 0., 0., 0., 0., 0., 0., 0., 0., 0., 0., 0., 0., 0., 0., 121.,
       255., 255., 223., 83., 0., 0., 50., 134., 153., 153., 153., 153.,
       153., 153., 153., 153., 153., 153., 153., 201., 255., 255., 242.,
       186., 153., 0., 83., 223., 255., 255., 255., 255., 255., 255.,
       255., 255., 255., 255., 255., 255., 255., 255., 255., 255., 255.,
       0., 83., 223., 255., 255., 255., 255., 255., 255., 255., 255.,
       255., 255., 255., 255., 255., 255., 255., 255., 255., 0., 83.,
       223., 255., 255., 255., 255., 255., 255., 255., 255., 255., 255.,
       255., 255., 255., 255., 255., 255., 255., 0., 83., 223., 255.,
       255., 255., 255., 255., 255., 255., 255., 255., 255., 255., 255.,
       255., 255., 255., 255., 255., 0., 83., 223., 255., 255., 255.,
       250., 212., 187., 187., 187., 187., 187., 187., 219., 255., 255.,
       255., 255., 255., 0., 83., 223., 255., 255., 255., 236., 96., 0.,
       0., 0., 0., 0., 0., 121., 255., 255., 255., 255., 255., 0., 83.,
       223., 255., 255., 157., 63., 25., 0., 0., 0., 0., 0., 0., 121.,
       255., 255., 255., 255., 255., 0., 83., 223., 255., 255., 121., 0.,
       0., 0., 0., 0., 0., 0., 0., 121., 255., 255., 255., 255., 255.,
       0., 83., 223., 255., 255., 121., 0., 0., 0., 0., 0., 0., 0., 0.,
       121., 255., 255., 255., 255., 255., 0., 83., 223., 255., 255.,
       121., 0., 0., 0., 0., 0., 0., 0., 0., 121., 255., 255., 255.,
       255., 255., 0., 83., 223., 255., 255., 210., 157., 64., 0., 0.,
       0., 0., 64., 157., 210., 255., 255., 255., 255., 255., 0., 83.,
       223., 255., 255., 255., 243., 159., 102., 102., 102., 102., 159.,
       243., 255., 255., 255., 255., 255., 255., 0., 83., 223., 255.,
       255., 255., 255., 255., 255., 255., 255., 255., 255., 255., 255.,
       255., 255., 255., 255., 255., 0., 83., 223., 255., 255., 255.,
       255., 255., 255., 255., 255., 255., 255., 255., 255., 255., 255.,
       255., 255., 255., 0., 83., 223., 255., 255., 255., 255., 255.,
       255., 255., 255., 255., 255., 255., 255., 255., 255., 255., 255.,
       255., 0., 83., 223., 255., 255., 255., 255., 255., 240., 193.,
       170., 170., 202., 248., 255., 255., 255., 255., 255., 255., 17.,
       94., 225., 255., 255., 255., 254., 244., 196., 65., 0., 0., 89.,
       220., 246., 255., 255., 255., 255., 255., 204., 220., 248., 255.,
       255., 255., 240., 127., 42., 14., 0., 0., 19., 47., 148., 255.,
       255., 255., 255., 255., 255., 255., 255., 255., 255., 184., 110.,
       45., 0., 0., 0., 0., 0., 0., 121., 255., 255., 255., 255., 255.,
       255., 255., 255., 255., 255., 121., 0., 0., 0., 0., 0., 0., 0.,
       0., 121., 255., 255., 255., 255., 255., 255., 255., 255., 255.,
       255., 121., 0., 0., 0., 0., 0., 0., 0., 0., 121., 255., 255.,
       255., 255., 255., 255., 255., 255., 255., 255., 121., 0., 0., 0.,
       0., 0., 0., 70., 173., 219., 255., 255., 255., 255., 255., 255.,
       255., 255., 255., 255., 184., 119., 119., 119., 119., 119., 119.,
       170., 245., 255., 255., 255., 240., 174., 136., 255., 255., 255.,
       255., 255., 255., 255., 255., 255., 255., 255., 255., 255., 255.,
       255., 255., 255., 223., 83., 0., 255., 255., 255., 255., 255.,
       255., 255., 255., 255., 255., 255., 255., 255., 255., 255., 255.,
       255., 223., 83., 0., 255., 255., 255., 255., 255., 255., 255.,
       255., 255., 255., 255., 255., 255., 255., 255., 255., 255., 223.,
       83., 0., 255., 255., 255., 255., 255., 255., 255., 255., 255.,
       255., 255., 255., 255., 255., 255., 255., 255., 223., 83., 0.,
       255., 255., 255., 255., 255., 255., 255., 255., 255., 255., 255.,
       255., 255., 255., 255., 255., 255., 223., 83., 0., 0., 0., 0., 0.,
       0., 0., 0., 64., 191., 255., 255., 255., 255., 255., 255., 255.,
       255., 255., 255., 255., 0., 35., 105., 140., 140., 140., 140.,
       169., 226., 255., 255., 255., 255., 255., 255., 255., 255., 255.,
       255., 255., 0., 64., 191., 255., 255., 255., 255., 255., 255.,
       255., 255., 255., 255., 255., 255., 255., 255., 255., 255., 255.,
       0., 64., 191., 255., 255., 255., 255., 255., 255., 255., 255.,
       255., 255., 255., 255., 255., 255., 255., 255., 255., 0., 64.,
       191., 255., 255., 255., 255., 255., 255., 255., 255., 255., 255.,
       255., 255., 255., 255., 255., 255., 255., 89., 131., 214., 255.,
       255., 232., 188., 166., 166., 166., 166., 166., 166., 188., 232.,
       255., 255., 255., 255., 255., 255., 255., 255., 255., 255., 191.,
       64., 0., 0., 0., 0., 0., 0., 64., 191., 255., 255., 255., 255.,
       255., 255., 255., 255., 255., 255., 191., 64., 0., 0., 0., 0., 0.,
       0., 64., 191., 255., 255., 255., 255., 255., 255., 255., 255.,
       255., 255., 191., 64., 0., 0., 0., 0., 0., 0., 64., 191., 255.,
       255., 255., 255., 255., 255., 255., 255., 255., 255., 191., 64.,
       0., 0., 0., 0., 0., 0., 64., 191., 255., 255., 255., 255., 255.,
       255., 255., 255., 255., 255., 191., 64., 0., 0., 0., 0., 0., 0.,
       64., 191., 255., 255., 255., 255., 255., 255., 255., 255., 255.,
       255., 226., 169., 140., 140., 140., 140., 140., 140., 169., 226.,
       255., 255., 255., 255., 255., 191., 207., 239., 255., 255., 255.,
       255., 255., 255., 255., 255., 255., 255., 255., 255., 255., 255.,
       255., 255., 255., 13., 73., 194., 255., 255., 255., 255., 255.,
       255., 255., 255., 255., 255., 255., 255., 255., 255., 255., 255.,
       255., 0., 64., 191., 255., 255., 255., 255., 255., 255., 255.,
       255., 255., 255., 255., 255., 255., 255., 255., 255., 255., 0.,
       64., 191., 255., 255., 255., 255., 255., 255., 255., 255., 255.,
       255., 255., 255., 255., 255., 255., 255., 255., 0., 64., 191.,
       255., 255., 255., 255., 252., 245., 242., 242., 242., 242., 245.,
       252., 255., 255., 255., 255., 255., 0., 64., 191., 255., 255.,
       255., 255., 207., 112., 64., 64., 64., 64., 112., 207., 255.,
       255., 255., 255., 255., 0., 64., 191., 255., 255., 226., 169.,
       105., 35., 0., 0., 0., 0., 64., 191., 255., 255., 255., 255.,
       255., 0., 64., 191., 255., 255., 191., 64., 0., 0., 0., 0., 0.,
       0., 64., 191., 255., 255., 255., 255., 255., 0., 64., 191., 255.,
       255., 191., 64., 0., 0., 0., 0., 0., 0., 64., 191., 255., 255.,
       255., 255., 255., 0., 64., 191., 255., 255., 191., 64., 0., 0.,
       0., 0., 0., 0., 64., 191., 255., 255., 255., 255., 255., 0., 64.,
       191., 255., 255., 207., 112., 64., 64., 64., 64., 64., 64., 112.,
       207., 255., 255., 255., 255., 255., 0., 64., 191., 255., 255.,
       252., 245., 242., 242., 242., 242., 242., 242., 245., 252., 255.,
       255., 255., 255., 255., 0., 64., 191., 255., 255., 255., 255.,
       255., 255., 255., 255., 255., 255., 255., 255., 255., 255., 255.,
       255., 255., 0., 64., 191., 255., 255., 255., 255., 255., 255.,
       255., 255., 255., 255., 255., 255., 255., 255., 255., 255., 255.,
       0., 64., 191., 255., 255., 255., 255., 255., 255., 255., 255.,
       255., 255., 255., 255., 252., 245., 242., 242., 242., 0., 64.,
       191., 255., 255., 255., 255., 255., 255., 255., 255., 255., 255.,
       255., 255., 207., 112., 64., 64., 64., 0., 64., 191., 255., 255.,
       255., 255., 255., 255., 255., 255., 226., 169., 140., 140., 105.,
       35., 0., 0., 0., 0., 64., 191., 255., 255., 255., 255., 255.,
       255., 255., 255., 191., 64., 0., 0., 0., 0., 0., 0., 0. ]
